Game 1
[[2 2 2 2 2 0 0 0 0 0 0 0 0 0 0 0]
 [2 2 2 2 2 0 0 0 0 0 0 0 0 0 0 0]
 [2 2 2 2 0 0 0 0 0 0 0 0 0 0 0 0]
 [2 2 2 0 0 1 0 0 0 0 0 0 0 0 0 0]
 [2 2 1 0 0 0 0 0 0 0 0 0 0 0 0 0]
 [0 0 1 0 0 0 0 0 0 0 0 0 0 0 0 0]
 [0 0 0 0 0 0 0 0 0 0 0 0 0 0 0 0]
 [0 0 0 0 0 0 0 1 0 0 0 0 0 0 0 0]
 [0 0 0 0 0 0 0 0 1 0 0 0 0 0 0 0]
 [0 0 0 0 0 0 0 0 0 0 0 0 0 0 0 0]
 [0 0 0 0 0 0 0 0 0 0 0 0 0 0 0 0]
 [0 0 0 0 0 0 0 0 0 0 0 0 0 0 1 1]
 [0 0 0 0 0 0 0 0 0 0 0 0 0 0 0 0]
 [0 0 0 0 0 0 0 0 0 0 0 0 0 1 1 1]
 [0 0 0 0 0 0 0 0 0 0 0 1 0 1 1 1]
 [0 0 0 0 0 0 0 0 0 0 0 1 1 1 1 1]]
Winner: 2
Moves: 155
Time: 36.387290716171265
Total nodes visited: 224929


Game 2
[[2 2 2 2 2 0 0 0 0 0 0 0 0 0 0 0]
 [2 2 2 2 2 0 0 0 0 0 0 0 0 0 0 0]
 [2 2 2 2 0 0 0 0 0 0 0 0 0 0 0 0]
 [2 2 2 1 0 1 0 0 0 0 0 0 0 0 0 0]
 [2 2 0 0 1 0 0 0 0 0 0 0 0 0 0 0]
 [0 0 1 0 0 0 0 0 0 0 0 0 0 0 0 0]
 [0 0 0 0 0 0 0 0 0 0 0 0 0 0 0 0]
 [0 0 0 0 0 0 0 0 0 0 0 0 0 0 0 0]
 [0 0 0 0 0 0 0 0 0 0 0 0 0 0 0 0]
 [0 0 0 0 0 0 0 0 0 0 0 0 0 0 0 0]
 [0 0 0 0 0 0 0 0 0 0 0 0 0 0 0 0]
 [0 0 0 0 0 0 0 0 0 0 0 0 0 0 1 1]
 [0 0 0 0 0 0 0 0 0 0 0 0 0 0 0 0]
 [0 0 0 0 0 0 0 0 0 0 0 0 0 1 1 1]
 [0 0 0 0 0 0 0 0 0 0 0 1 0 1 1 1]
 [0 0 0 0 0 0 0 0 0 0 1 1 1 1 1 1]]
Winner: 2
Moves: 154
Time: 35.32705855369568
Total nodes visited: 219706


Game 3
[[2 2 2 2 2 0 0 0 0 0 0 0 0 0 0 0]
 [2 2 2 2 2 0 0 0 0 0 0 0 0 0 0 0]
 [2 2 2 2 0 0 0 0 0 0 0 0 0 0 0 0]
 [2 2 2 0 0 0 0 0 0 0 0 0 0 0 0 0]
 [2 2 0 0 0 0 0 0 0 0 0 0 0 0 0 0]
 [0 1 1 0 0 0 0 1 0 0 0 0 0 0 0 0]
 [0 0 0 0 0 0 0 0 0 0 0 0 0 0 0 0]
 [0 0 0 0 0 0 0 0 0 0 0 0 0 0 0 0]
 [0 0 0 0 0 0 0 0 0 0 0 0 0 0 0 0]
 [0 0 0 0 0 0 0 0 0 0 0 0 0 0 0 0]
 [0 0 0 0 0 0 0 0 0 0 1 0 0 0 0 0]
 [0 0 0 0 0 0 0 0 0 0 0 0 0 0 1 1]
 [0 0 0 0 0 0 0 0 0 0 0 0 0 1 0 1]
 [0 0 0 0 0 0 0 0 0 0 0 0 0 1 1 1]
 [0 0 0 0 0 0 0 0 0 0 0 1 0 1 1 1]
 [0 0 0 0 0 0 0 0 0 0 0 1 0 1 1 1]]
Winner: 2
Moves: 155
Time: 35.646119832992554
Total nodes visited: 216411


Game 4
[[2 2 2 2 2 0 0 0 0 0 0 0 0 0 0 0]
 [2 2 2 2 2 0 0 0 0 0 0 0 0 0 0 0]
 [2 2 2 2 0 0 0 0 0 0 0 0 0 0 0 0]
 [2 2 2 0 0 1 0 0 0 0 0 0 0 0 0 0]
 [2 2 0 0 0 0 0 0 0 0 0 0 0 0 0 0]
 [0 0 0 0 0 0 0 0 0 0 0 0 0 0 0 0]
 [0 0 0 0 0 0 0 1 0 0 0 0 0 0 0 0]
 [0 0 0 0 0 0 0 0 0 0 0 0 0 0 0 0]
 [0 0 0 0 0 0 0 0 1 0 0 0 0 0 0 0]
 [0 0 0 0 0 0 0 0 0 1 0 0 0 0 0 0]
 [0 0 0 0 0 0 0 0 0 0 0 0 0 0 0 0]
 [0 0 0 0 0 0 0 0 0 0 0 0 0 0 1 1]
 [0 0 0 0 0 0 0 0 0 0 0 0 0 0 0 1]
 [0 0 0 0 0 0 0 0 0 0 0 0 0 1 1 1]
 [0 0 0 0 0 0 0 0 0 0 0 1 0 1 1 1]
 [0 0 0 0 0 0 0 0 0 0 0 1 1 1 1 1]]
Winner: 2
Moves: 159
Time: 35.612117528915405
Total nodes visited: 225076


Game 5
[[2 2 2 2 2 0 0 0 0 0 0 0 0 0 0 0]
 [2 2 2 2 2 0 0 0 0 0 0 0 0 0 0 0]
 [2 2 2 2 0 0 0 0 0 0 0 0 0 0 0 0]
 [2 2 2 0 0 0 0 0 0 0 0 0 0 0 0 0]
 [2 2 0 0 0 0 0 0 0 0 0 0 0 0 0 0]
 [0 1 1 0 0 0 0 0 0 0 0 0 0 0 0 0]
 [0 0 0 0 0 0 0 0 0 0 0 0 0 0 0 0]
 [0 0 0 0 0 0 0 0 0 0 0 0 0 0 0 0]
 [0 0 1 0 0 0 0 0 0 0 0 0 0 0 0 0]
 [0 0 0 0 0 0 0 0 0 0 0 0 0 0 0 0]
 [0 0 1 0 0 0 0 0 0 0 0 0 0 0 0 0]
 [0 0 0 0 0 0 0 0 0 0 0 0 0 0 1 1]
 [0 0 0 0 0 0 0 0 0 0 0 0 0 0 1 1]
 [0 0 0 0 0 0 0 0 0 0 0 0 0 1 1 1]
 [0 0 0 0 0 0 0 0 0 0 0 1 0 1 1 1]
 [0 0 0 0 0 0 0 0 0 0 0 1 0 1 1 1]]
Winner: 2
Moves: 158
Time: 36.67126131057739
Total nodes visited: 235098


Game 6
[[2 2 2 2 2 0 0 0 0 0 0 0 0 0 0 0]
 [2 2 2 2 2 1 0 0 0 0 0 0 0 0 0 0]
 [2 2 2 2 0 1 0 0 0 0 0 0 0 0 0 0]
 [2 2 2 0 0 0 0 0 0 0 0 0 0 0 0 0]
 [2 2 0 0 0 0 0 0 0 0 0 0 0 0 0 0]
 [0 0 0 0 0 0 0 0 0 0 0 0 0 0 0 0]
 [0 0 0 0 0 0 0 0 0 0 0 0 0 0 0 0]
 [0 0 0 0 0 0 0 0 0 0 0 0 0 0 0 0]
 [0 0 0 0 0 0 0 0 0 0 0 0 0 0 0 0]
 [0 0 0 0 0 0 0 0 0 1 0 0 0 0 0 0]
 [0 0 0 0 0 0 0 0 0 0 1 0 0 0 0 0]
 [0 0 0 0 0 0 0 0 0 0 0 0 0 0 1 1]
 [0 0 0 0 0 0 0 0 0 0 0 0 0 0 0 1]
 [0 0 0 0 0 0 0 0 0 0 0 0 0 1 1 1]
 [0 0 0 0 0 0 0 0 0 0 0 1 0 1 1 1]
 [0 0 0 0 0 0 0 0 0 0 0 1 1 1 1 1]]
Winner: 2
Moves: 160
Time: 37.410385608673096
Total nodes visited: 238897


Game 7
[[2 2 2 2 2 0 0 0 0 0 0 0 0 0 0 0]
 [2 2 2 2 2 0 0 0 0 0 0 0 0 0 0 0]
 [2 2 2 2 1 1 0 0 0 0 0 0 0 0 0 0]
 [2 2 2 0 0 0 0 0 0 0 0 0 0 0 0 0]
 [2 2 0 0 0 0 0 0 0 0 0 0 0 0 0 0]
 [0 0 0 1 0 0 0 0 0 0 0 0 0 0 0 0]
 [0 0 0 0 0 0 1 0 0 0 0 0 0 0 0 0]
 [0 0 0 0 0 0 0 1 0 0 0 0 0 0 0 0]
 [0 0 0 0 0 0 0 0 0 0 0 0 0 0 0 0]
 [0 0 0 0 0 0 0 0 0 0 0 0 0 0 0 0]
 [0 0 0 0 0 0 0 0 0 0 0 0 0 0 0 0]
 [0 0 0 0 0 0 0 0 0 0 0 0 0 0 1 1]
 [0 0 0 0 0 0 0 0 0 0 0 0 0 0 0 1]
 [0 0 0 0 0 0 0 0 0 0 0 0 0 1 1 1]
 [0 0 0 0 0 0 0 0 0 0 0 1 0 1 1 1]
 [0 0 0 0 0 0 0 0 0 0 0 1 0 1 1 1]]
Winner: 2
Moves: 154
Time: 34.96978163719177
Total nodes visited: 218433


Game 8
[[2 2 2 2 2 0 0 0 0 0 0 0 0 0 0 0]
 [2 2 2 2 2 0 0 0 0 0 0 0 0 0 0 0]
 [2 2 2 2 0 0 0 0 0 0 0 0 0 0 0 0]
 [2 2 2 0 0 1 0 0 0 0 0 0 0 0 0 0]
 [2 2 1 0 0 0 0 0 0 0 0 0 0 0 0 0]
 [0 0 1 0 0 0 0 0 0 0 0 0 0 0 0 0]
 [0 0 0 0 0 0 0 0 0 0 0 0 0 0 0 0]
 [0 0 0 0 0 0 0 1 0 0 0 0 0 0 0 0]
 [0 0 0 0 0 0 0 0 1 0 0 0 0 0 0 0]
 [0 0 0 0 0 0 0 0 0 0 0 0 0 0 0 0]
 [0 0 0 0 0 0 0 0 0 0 0 0 0 0 0 0]
 [0 0 0 0 0 0 0 0 0 0 0 0 0 0 1 1]
 [0 0 0 0 0 0 0 0 0 0 0 0 0 0 0 0]
 [0 0 0 0 0 0 0 0 0 0 0 0 0 1 1 1]
 [0 0 0 0 0 0 0 0 0 0 0 1 0 1 1 1]
 [0 0 0 0 0 0 0 0 0 0 0 1 1 1 1 1]]
Winner: 2
Moves: 155
Time: 34.58715867996216
Total nodes visited: 217965


Game 9
[[2 2 2 2 2 0 0 0 0 0 0 0 0 0 0 0]
 [2 2 2 2 2 0 0 0 0 0 0 0 0 0 0 0]
 [2 2 2 2 0 0 0 0 0 0 0 0 0 0 0 0]
 [2 2 2 0 0 0 0 0 0 0 0 0 0 0 0 0]
 [2 2 0 0 0 0 0 0 0 0 0 0 0 0 0 0]
 [0 1 1 0 0 0 0 0 0 0 0 0 0 0 0 0]
 [0 0 0 0 0 0 0 0 0 0 0 0 0 0 0 0]
 [0 0 0 0 0 1 0 0 0 0 0 0 0 0 0 0]
 [0 0 0 0 0 0 0 0 0 0 0 0 0 0 0 0]
 [0 0 0 0 0 0 0 0 0 1 0 0 0 0 0 0]
 [0 0 0 0 0 0 0 0 0 0 1 0 0 0 0 0]
 [0 0 0 0 0 0 0 0 0 0 0 0 0 0 1 1]
 [0 0 0 0 0 0 0 0 0 0 0 0 0 0 0 1]
 [0 0 0 0 0 0 0 0 0 0 0 0 0 1 1 1]
 [0 0 0 0 0 0 0 0 0 0 0 1 0 1 1 1]
 [0 0 0 0 0 0 0 0 0 0 0 1 0 1 1 1]]
Winner: 2
Moves: 157
Time: 36.34875249862671
Total nodes visited: 230349


Game 10
[[2 2 2 2 2 0 0 0 0 0 0 0 0 0 0 0]
 [2 2 2 2 2 1 0 0 0 0 0 0 0 0 0 0]
 [2 2 2 2 0 1 0 0 0 0 0 0 0 0 0 0]
 [2 2 2 0 0 0 0 0 0 0 0 0 0 0 0 0]
 [2 2 0 0 0 0 0 0 0 0 0 0 0 0 0 0]
 [0 0 0 0 0 0 0 1 0 0 0 0 0 0 0 0]
 [0 0 0 0 0 0 0 0 0 0 0 0 0 0 0 0]
 [0 0 0 0 0 0 0 0 0 0 0 0 0 0 0 0]
 [0 0 0 0 0 0 0 0 0 0 0 0 0 0 0 0]
 [0 0 0 0 0 0 0 0 0 1 0 0 0 0 0 0]
 [0 0 0 0 0 0 0 0 0 0 1 0 0 0 0 0]
 [0 0 0 0 0 0 0 0 0 0 0 0 0 0 1 1]
 [0 0 0 0 0 0 0 0 0 0 0 0 0 0 0 0]
 [0 0 0 0 0 0 0 0 0 0 0 0 0 1 1 1]
 [0 0 0 0 0 0 0 0 0 0 0 1 0 1 1 1]
 [0 0 0 0 0 0 0 0 0 0 0 1 1 1 1 1]]
Winner: 2
Moves: 158
Time: 37.26081204414368
Total nodes visited: 230180


