Game 1
[[2 2 2 2 2 0 0 0 0 0 0 0 0 0 0 0]
 [2 2 2 2 2 0 0 0 0 0 0 0 0 0 0 0]
 [2 2 2 2 0 0 0 0 0 0 0 0 0 0 0 0]
 [2 2 2 0 0 0 0 0 0 0 0 0 0 0 0 0]
 [2 2 0 0 0 0 0 0 0 0 0 0 0 0 0 0]
 [0 0 0 0 0 0 0 0 0 0 0 0 0 0 0 0]
 [0 0 0 0 0 0 0 0 0 0 0 0 0 0 0 0]
 [0 0 0 0 0 0 0 0 0 0 0 0 0 0 0 0]
 [0 0 0 0 0 0 0 0 0 0 0 0 0 0 0 0]
 [0 0 0 0 0 0 0 0 0 0 0 0 0 0 0 0]
 [0 0 0 0 0 0 0 0 0 0 0 0 0 0 0 0]
 [0 0 0 0 0 0 0 0 0 0 0 0 0 0 1 1]
 [0 0 0 0 0 0 0 0 0 0 0 0 0 1 1 1]
 [0 0 0 0 0 0 0 0 0 0 0 0 1 1 1 1]
 [0 0 0 0 0 0 0 0 0 0 0 1 1 1 1 1]
 [0 0 0 0 0 0 0 0 0 0 0 1 1 1 1 1]]
Winner: 1
Moves: 175
Time: 28.7195827960968
Total nodes visited: 222453


Game 2
[[2 2 2 2 2 0 0 0 0 0 0 0 0 0 0 0]
 [2 2 2 2 2 0 0 0 0 0 0 0 0 0 0 0]
 [2 2 2 2 0 0 0 0 0 0 0 0 0 0 0 0]
 [2 2 2 0 0 0 0 0 0 0 0 0 0 0 0 0]
 [2 2 0 0 0 0 0 0 0 0 0 0 0 0 0 0]
 [0 0 0 0 0 0 0 0 0 0 0 0 0 0 0 0]
 [0 0 0 0 0 0 0 0 0 0 0 0 0 0 0 0]
 [0 0 0 0 0 0 0 0 0 0 0 0 0 0 0 0]
 [0 0 0 0 0 0 0 0 0 0 0 0 0 0 0 0]
 [0 0 0 0 0 0 0 0 0 0 0 0 0 0 0 0]
 [0 0 0 0 0 0 0 0 0 0 1 0 0 0 0 0]
 [0 0 0 0 0 0 0 0 0 0 0 1 0 0 1 1]
 [0 0 0 0 0 0 0 0 0 0 0 1 0 1 0 0]
 [0 0 0 0 0 0 0 0 0 0 0 1 1 1 1 0]
 [0 0 0 0 0 0 0 0 0 0 0 1 1 1 1 1]
 [0 0 0 0 0 0 0 0 0 0 0 1 0 1 1 1]]
Winner: 2
Moves: 171
Time: 30.90271282196045
Total nodes visited: 250011


Game 3
[[2 2 2 2 2 0 0 0 0 0 0 0 0 0 0 0]
 [2 2 2 2 2 0 0 0 0 0 0 0 0 0 0 0]
 [2 2 2 2 0 0 0 0 0 0 0 0 0 0 0 0]
 [2 2 2 0 0 0 0 0 0 0 0 0 0 0 0 0]
 [2 2 0 0 0 0 0 0 0 0 0 0 0 0 0 0]
 [0 0 0 0 0 0 0 0 0 0 0 0 0 0 0 0]
 [0 0 0 0 0 0 0 0 0 0 0 0 0 0 0 0]
 [0 0 0 0 0 0 0 0 0 0 0 0 0 0 0 0]
 [0 0 0 0 0 0 0 0 0 0 0 0 0 0 0 0]
 [0 0 0 0 0 0 0 0 0 0 0 0 0 0 0 0]
 [0 0 0 0 0 0 0 0 0 0 1 0 0 0 0 0]
 [0 0 0 0 0 0 0 0 0 0 0 1 0 0 1 1]
 [0 0 0 0 0 0 0 0 0 0 0 1 0 1 0 0]
 [0 0 0 0 0 0 0 0 0 0 0 1 1 1 1 0]
 [0 0 0 0 0 0 0 0 0 0 0 1 1 1 1 1]
 [0 0 0 0 0 0 0 0 0 0 0 1 0 1 1 1]]
Winner: 2
Moves: 171
Time: 28.05245590209961
Total nodes visited: 245962


Game 4
[[2 2 2 0 2 0 0 0 0 0 0 0 0 0 0 0]
 [2 2 2 0 2 0 0 0 0 0 0 0 0 0 0 0]
 [2 2 2 0 0 0 0 0 0 0 0 0 0 0 0 0]
 [0 2 2 0 0 0 0 0 0 0 0 0 0 0 0 0]
 [2 2 0 2 2 0 0 0 0 0 0 0 0 0 0 0]
 [0 0 0 0 0 2 0 0 0 0 0 0 0 0 0 0]
 [0 0 0 0 0 0 0 0 0 0 0 0 0 0 0 0]
 [0 0 0 0 0 0 0 2 0 0 0 0 0 0 0 0]
 [0 0 0 0 0 0 0 0 0 0 0 0 0 0 0 0]
 [0 0 0 0 0 0 0 0 0 0 0 0 0 0 0 0]
 [0 0 0 0 0 0 0 0 0 0 0 0 0 0 0 0]
 [0 0 0 0 0 0 0 0 0 0 0 0 0 0 1 1]
 [0 0 0 0 0 0 0 0 0 0 0 0 0 1 1 1]
 [0 0 0 0 0 0 0 0 0 0 0 0 1 1 1 1]
 [0 0 0 0 0 0 0 0 0 0 0 1 1 1 1 1]
 [0 0 0 0 0 0 0 0 0 0 0 1 1 1 1 1]]
Winner: 1
Moves: 168
Time: 26.11238169670105
Total nodes visited: 229079


Game 5
[[2 2 2 0 2 0 0 0 0 0 0 0 0 0 0 0]
 [2 2 2 0 2 0 0 0 0 0 0 0 0 0 0 0]
 [2 2 2 2 0 0 0 0 0 0 0 0 0 0 0 0]
 [0 0 2 0 0 0 0 0 0 0 0 0 0 0 0 0]
 [2 2 0 0 2 0 0 0 0 0 0 0 0 0 0 0]
 [0 0 0 0 0 2 0 0 0 0 0 0 0 0 0 0]
 [0 0 0 0 0 2 2 0 0 0 0 0 0 0 0 0]
 [0 0 0 0 0 0 0 0 0 0 0 0 0 0 0 0]
 [0 0 0 0 0 0 0 0 0 0 0 0 0 0 0 0]
 [0 0 0 0 0 0 0 0 0 0 0 0 0 0 0 0]
 [0 0 0 0 0 0 0 0 0 0 0 0 0 0 0 0]
 [0 0 0 0 0 0 0 0 0 0 0 0 0 0 1 1]
 [0 0 0 0 0 0 0 0 0 0 0 0 0 1 1 1]
 [0 0 0 0 0 0 0 0 0 0 0 0 1 1 1 1]
 [0 0 0 0 0 0 0 0 0 0 0 1 1 1 1 1]
 [0 0 0 0 0 0 0 0 0 0 0 1 1 1 1 1]]
Winner: 1
Moves: 167
Time: 24.647460460662842
Total nodes visited: 212787


Game 6
[[2 2 2 2 2 0 0 0 0 0 0 0 0 0 0 0]
 [2 2 2 2 2 0 0 0 0 0 0 0 0 0 0 0]
 [2 2 2 2 0 0 0 0 0 0 0 0 0 0 0 0]
 [2 2 2 0 0 0 0 0 0 0 0 0 0 0 0 0]
 [2 2 0 0 0 0 0 0 0 0 0 0 0 0 0 0]
 [0 0 0 0 0 0 0 0 0 0 0 0 0 0 0 0]
 [0 0 0 0 0 0 0 0 0 0 0 0 0 0 0 0]
 [0 0 0 0 0 0 0 0 0 0 0 0 0 0 0 0]
 [0 0 0 0 0 0 0 0 0 0 0 0 0 0 0 0]
 [0 0 0 0 0 0 0 0 0 0 0 0 0 0 0 0]
 [0 0 0 0 0 0 0 0 0 0 0 0 0 0 0 0]
 [0 0 0 0 0 0 0 0 0 0 0 0 0 1 1 1]
 [0 0 0 0 0 0 0 0 0 0 0 0 0 1 0 0]
 [0 0 0 0 0 0 0 0 0 0 0 1 1 1 1 1]
 [0 0 0 0 0 0 0 0 0 0 0 1 1 1 1 1]
 [0 0 0 0 0 0 0 0 0 0 0 1 1 1 1 1]]
Winner: 2
Moves: 172
Time: 27.663686752319336
Total nodes visited: 237710


Game 7
[[2 2 2 0 2 0 0 0 0 0 0 0 0 0 0 0]
 [2 2 2 0 2 0 0 0 0 0 0 0 0 0 0 0]
 [2 2 2 2 0 0 0 0 0 0 0 0 0 0 0 0]
 [0 2 2 0 2 0 0 0 0 0 0 0 0 0 0 0]
 [2 2 2 2 0 0 0 0 0 0 0 0 0 0 0 0]
 [0 0 0 0 0 0 0 0 0 0 0 0 0 0 0 0]
 [0 0 0 0 0 0 0 0 0 0 0 0 0 0 0 0]
 [0 0 0 0 0 0 0 0 0 0 0 0 0 0 0 0]
 [0 0 0 0 0 0 0 0 0 0 0 0 0 0 0 0]
 [0 0 0 0 0 0 0 0 0 0 0 0 0 0 0 0]
 [0 0 0 0 0 0 0 0 0 0 0 0 0 0 0 0]
 [0 0 0 0 0 0 0 0 0 0 0 0 0 0 1 1]
 [0 0 0 0 0 0 0 0 0 0 0 0 0 1 1 1]
 [0 0 0 0 0 0 0 0 0 0 0 0 1 1 1 1]
 [0 0 0 0 0 0 0 0 0 0 0 1 1 1 1 1]
 [0 0 0 0 0 0 0 0 0 0 0 1 1 1 1 1]]
Winner: 1
Moves: 168
Time: 25.369739055633545
Total nodes visited: 218654


Game 8
[[2 2 2 0 2 0 0 0 0 0 0 0 0 0 0 0]
 [2 2 2 2 2 0 0 0 0 0 0 0 0 0 0 0]
 [2 2 2 2 0 0 0 0 0 0 0 0 0 0 0 0]
 [0 0 0 0 2 0 0 0 0 0 0 0 0 0 0 0]
 [2 2 0 0 0 0 0 0 0 0 0 0 0 0 0 0]
 [0 0 0 0 0 2 0 0 0 0 0 0 0 0 0 0]
 [0 0 0 0 0 0 2 0 0 0 0 0 0 0 0 0]
 [0 0 0 0 0 0 0 2 0 0 0 0 0 0 0 0]
 [0 0 0 0 0 0 0 0 0 0 0 0 0 0 0 0]
 [0 0 0 0 0 0 0 0 0 0 0 0 0 0 0 0]
 [0 0 0 0 0 0 0 0 0 0 0 0 0 0 0 0]
 [0 0 0 0 0 0 0 0 0 0 0 0 0 0 1 1]
 [0 0 0 0 0 0 0 0 0 0 0 0 0 1 1 1]
 [0 0 0 0 0 0 0 0 0 0 0 0 1 1 1 1]
 [0 0 0 0 0 0 0 0 0 0 0 1 1 1 1 1]
 [0 0 0 0 0 0 0 0 0 0 0 1 1 1 1 1]]
Winner: 1
Moves: 166
Time: 24.68094229698181
Total nodes visited: 211298


Game 9
[[2 2 2 0 2 0 0 0 0 0 0 0 0 0 0 0]
 [2 2 2 2 2 0 0 0 0 0 0 0 0 0 0 0]
 [2 2 2 2 2 0 0 0 0 0 0 0 0 0 0 0]
 [0 0 2 0 2 0 0 0 0 0 0 0 0 0 0 0]
 [2 2 0 2 0 0 0 0 0 0 0 0 0 0 0 0]
 [0 0 0 0 0 0 0 0 0 0 0 0 0 0 0 0]
 [0 0 0 0 0 0 0 0 0 0 0 0 0 0 0 0]
 [0 0 0 0 0 0 0 0 0 0 0 0 0 0 0 0]
 [0 0 0 0 0 0 0 0 0 0 0 0 0 0 0 0]
 [0 0 0 0 0 0 0 0 0 0 0 0 0 0 0 0]
 [0 0 0 0 0 0 0 0 0 0 0 0 0 0 0 0]
 [0 0 0 0 0 0 0 0 0 0 0 0 0 0 1 1]
 [0 0 0 0 0 0 0 0 0 0 0 0 0 1 1 1]
 [0 0 0 0 0 0 0 0 0 0 0 0 1 1 1 1]
 [0 0 0 0 0 0 0 0 0 0 0 1 1 1 1 1]
 [0 0 0 0 0 0 0 0 0 0 0 1 1 1 1 1]]
Winner: 1
Moves: 166
Time: 24.92319083213806
Total nodes visited: 209047


Game 10
[[2 2 2 2 2 0 0 0 0 0 0 0 0 0 0 0]
 [2 2 2 2 2 0 0 0 0 0 0 0 0 0 0 0]
 [2 2 2 2 2 0 0 0 0 0 0 0 0 0 0 0]
 [0 2 2 0 0 0 0 0 0 0 0 0 0 0 0 0]
 [2 2 0 0 0 0 0 0 0 0 0 0 0 0 0 0]
 [0 0 0 0 0 0 0 0 0 0 0 0 0 0 0 0]
 [0 0 0 0 0 0 0 0 0 0 0 0 0 0 0 0]
 [0 0 0 0 0 0 0 0 0 0 0 0 0 0 0 0]
 [0 0 0 0 0 0 0 0 0 0 0 0 0 0 0 0]
 [0 0 0 0 0 0 0 0 0 0 0 0 0 0 0 0]
 [0 0 0 0 0 0 0 0 0 0 0 0 0 0 0 0]
 [0 0 0 0 0 0 0 0 0 0 0 0 0 0 1 1]
 [0 0 0 0 0 0 0 0 0 0 0 0 0 1 1 1]
 [0 0 0 0 0 0 0 0 0 0 0 0 1 1 1 1]
 [0 0 0 0 0 0 0 0 0 0 0 1 1 1 1 1]
 [0 0 0 0 0 0 0 0 0 0 0 1 1 1 1 1]]
Winner: 1
Moves: 173
Time: 26.139838457107544
Total nodes visited: 219988


