Game 1
[[2 2 2 2 2 0 0 0 0 0 0 0 0 0 0 0]
 [2 2 2 2 2 0 0 0 0 0 0 0 0 0 0 0]
 [2 2 2 2 0 0 0 0 0 0 0 0 0 0 0 0]
 [2 2 2 0 0 0 0 0 0 0 0 0 0 0 0 0]
 [2 2 0 0 0 0 0 0 0 0 0 0 0 0 0 0]
 [0 0 0 0 0 0 0 0 0 0 0 0 0 0 0 0]
 [0 0 0 0 0 0 0 0 0 0 0 0 0 0 0 0]
 [0 0 0 0 0 0 0 0 0 0 0 0 0 0 0 0]
 [0 0 0 0 0 0 0 0 0 0 0 0 0 0 0 0]
 [0 0 0 0 0 0 0 0 0 0 0 0 0 0 0 0]
 [0 0 0 0 0 0 0 0 0 0 0 0 0 0 0 0]
 [0 0 0 0 0 0 0 0 0 0 0 0 0 0 1 1]
 [0 0 0 0 0 0 0 0 0 0 0 0 0 1 1 0]
 [0 0 0 0 0 0 0 0 0 0 0 1 1 1 1 1]
 [0 0 0 0 0 0 0 0 0 0 0 1 1 1 1 1]
 [0 0 0 0 0 0 0 0 0 0 0 1 1 1 1 1]]
Winner: 2
Moves: 160
Time: 25.412906646728516
Total nodes visited: 191039


Game 2
[[2 2 2 2 2 0 0 0 0 0 0 0 0 0 0 0]
 [2 2 2 2 2 0 0 0 0 0 0 0 0 0 0 0]
 [2 2 2 2 0 0 0 0 0 0 0 0 0 0 0 0]
 [2 2 2 0 0 0 0 0 0 0 0 0 0 0 0 0]
 [2 2 0 0 0 0 0 0 0 0 0 0 0 0 0 0]
 [0 0 0 0 0 0 0 0 0 0 0 0 0 0 0 0]
 [0 0 0 0 0 0 0 0 0 0 0 0 0 0 0 0]
 [0 0 0 0 0 0 0 0 0 0 0 0 0 0 0 0]
 [0 0 0 0 0 0 0 0 0 0 0 0 0 0 0 0]
 [0 0 0 0 0 0 0 0 0 0 0 0 0 0 0 0]
 [0 0 0 0 0 0 0 0 0 0 0 0 0 0 0 0]
 [0 0 0 0 0 0 0 0 0 0 0 0 1 1 1 1]
 [0 0 0 0 0 0 0 0 0 0 0 1 0 1 0 0]
 [0 0 0 0 0 0 0 0 0 0 0 1 1 1 1 0]
 [0 0 0 0 0 0 0 0 0 0 0 1 1 1 1 1]
 [0 0 0 0 0 0 0 0 0 0 0 1 0 1 1 1]]
Winner: 2
Moves: 156
Time: 26.187898635864258
Total nodes visited: 198862


Game 3
[[2 2 2 2 2 0 0 0 0 0 0 0 0 0 0 0]
 [2 2 2 2 2 0 0 0 0 0 0 0 0 0 0 0]
 [2 2 2 2 0 0 0 0 0 0 0 0 0 0 0 0]
 [2 2 2 0 0 0 0 0 0 0 0 0 0 0 0 0]
 [2 2 0 0 0 0 0 0 0 0 0 0 0 0 0 0]
 [0 0 0 0 0 0 0 0 0 0 0 0 0 0 0 0]
 [0 0 0 0 0 0 0 0 0 0 0 0 0 0 0 0]
 [0 0 0 0 0 0 0 0 0 0 0 0 0 0 0 0]
 [0 0 0 0 0 0 0 0 0 0 0 0 0 0 0 0]
 [0 0 0 0 0 0 0 0 0 0 0 0 0 0 0 0]
 [0 0 0 0 0 0 0 0 0 0 0 0 0 0 0 0]
 [0 0 0 0 0 0 0 0 0 0 0 0 1 0 1 1]
 [0 0 0 0 0 0 0 0 0 0 0 1 0 1 0 0]
 [0 0 0 0 0 0 0 0 0 0 0 1 0 1 1 1]
 [0 0 0 0 0 0 0 0 0 0 0 1 1 1 1 1]
 [0 0 0 0 0 0 0 0 0 0 0 1 1 1 1 1]]
Winner: 2
Moves: 157
Time: 26.206663608551025
Total nodes visited: 200281


Game 4
[[2 2 2 2 2 0 0 0 0 0 0 0 0 0 0 0]
 [2 2 2 2 2 0 0 0 0 0 0 0 0 0 0 0]
 [2 2 2 2 0 0 0 0 0 0 0 0 0 0 0 0]
 [2 2 2 0 0 0 0 0 0 0 0 0 0 0 0 0]
 [2 2 0 0 0 0 0 0 0 0 0 0 0 0 0 0]
 [0 0 0 0 0 0 0 0 0 0 0 0 0 0 0 0]
 [0 0 0 0 0 0 0 0 0 0 0 0 0 0 0 0]
 [0 0 0 0 0 0 0 0 0 0 0 0 0 0 0 0]
 [0 0 0 0 0 0 0 0 0 0 0 0 0 0 0 0]
 [0 0 0 0 0 0 0 0 0 0 0 0 0 0 0 0]
 [0 0 0 0 0 0 0 0 0 0 0 0 0 0 0 0]
 [0 0 0 0 0 0 0 0 0 0 0 0 0 1 1 1]
 [0 0 0 0 0 0 0 0 0 0 0 0 0 1 1 1]
 [0 0 0 0 0 0 0 0 0 0 0 1 1 1 1 1]
 [0 0 0 0 0 0 0 0 0 0 0 1 0 1 1 1]
 [0 0 0 0 0 0 0 0 0 0 0 1 0 1 1 1]]
Winner: 2
Moves: 156
Time: 26.86607336997986
Total nodes visited: 208179


Game 5
[[2 2 2 2 2 0 0 0 0 0 0 0 0 0 0 0]
 [2 2 2 2 2 0 0 0 0 0 0 0 0 0 0 0]
 [2 2 2 0 0 0 0 0 0 0 0 0 0 0 0 0]
 [2 2 2 0 0 0 0 0 0 0 0 0 0 0 0 0]
 [2 2 0 0 0 0 0 0 0 0 0 0 0 0 0 0]
 [2 0 0 0 0 0 0 0 0 0 0 0 0 0 0 0]
 [0 0 0 0 0 0 0 0 0 0 0 0 0 0 0 0]
 [0 0 0 0 0 0 0 0 0 0 0 0 0 0 0 0]
 [0 0 0 0 0 0 0 0 0 0 0 0 0 0 0 0]
 [0 0 0 0 0 0 0 0 0 0 0 0 0 0 0 0]
 [0 0 0 0 0 0 0 0 0 0 0 0 0 0 0 0]
 [0 0 0 0 0 0 0 0 0 0 0 0 0 0 1 1]
 [0 0 0 0 0 0 0 0 0 0 0 0 0 1 1 1]
 [0 0 0 0 0 0 0 0 0 0 0 0 1 1 1 1]
 [0 0 0 0 0 0 0 0 0 0 0 1 1 1 1 1]
 [0 0 0 0 0 0 0 0 0 0 0 1 1 1 1 1]]
Winner: 1
Moves: 157
Time: 27.278972625732422
Total nodes visited: 212816


Game 6
[[2 2 2 2 2 0 0 0 0 0 0 0 0 0 0 0]
 [2 2 2 2 2 0 0 0 0 0 0 0 0 0 0 0]
 [2 2 0 2 0 0 0 0 0 0 0 0 0 0 0 0]
 [2 0 2 0 0 0 0 0 0 0 0 0 0 0 0 0]
 [2 2 0 0 0 0 0 0 0 0 0 0 0 0 0 0]
 [0 2 2 0 0 0 0 0 0 0 0 0 0 0 0 0]
 [0 0 0 0 0 0 0 0 0 0 0 0 0 0 0 0]
 [0 0 0 0 0 0 0 0 0 0 0 0 0 0 0 0]
 [0 0 0 0 0 0 0 0 0 0 0 0 0 0 0 0]
 [0 0 0 0 0 0 0 0 0 0 0 0 0 0 0 0]
 [0 0 0 0 0 0 0 0 0 0 0 0 0 0 0 0]
 [0 0 0 0 0 0 0 0 0 0 0 0 0 0 1 1]
 [0 0 0 0 0 0 0 0 0 0 0 0 0 1 1 1]
 [0 0 0 0 0 0 0 0 0 0 0 0 1 1 1 1]
 [0 0 0 0 0 0 0 0 0 0 0 1 1 1 1 1]
 [0 0 0 0 0 0 0 0 0 0 0 1 1 1 1 1]]
Winner: 1
Moves: 153
Time: 26.16269540786743
Total nodes visited: 199824


Game 7
[[2 2 2 2 2 0 0 0 0 0 0 0 0 0 0 0]
 [2 2 2 2 2 0 0 0 0 0 0 0 0 0 0 0]
 [2 2 0 2 0 0 2 0 0 0 0 0 0 0 0 0]
 [2 0 0 0 2 0 0 0 0 0 0 0 0 0 0 0]
 [2 2 0 0 0 0 0 0 0 0 0 0 0 0 0 0]
 [0 2 0 0 0 0 0 0 0 0 0 0 0 0 0 0]
 [0 0 0 0 0 0 0 0 0 0 0 0 0 0 0 0]
 [0 0 0 0 0 0 0 0 0 0 0 0 0 0 0 0]
 [0 0 0 0 0 0 0 0 0 0 0 0 0 0 0 0]
 [0 0 0 0 0 0 0 0 0 0 0 0 0 0 0 0]
 [0 0 0 0 0 0 0 0 0 0 0 0 0 0 0 0]
 [0 0 0 0 0 0 0 0 0 0 0 0 0 0 1 1]
 [0 0 0 0 0 0 0 0 0 0 0 0 0 1 1 1]
 [0 0 0 0 0 0 0 0 0 0 0 0 1 1 1 1]
 [0 0 0 0 0 0 0 0 0 0 0 1 1 1 1 1]
 [0 0 0 0 0 0 0 0 0 0 0 1 1 1 1 1]]
Winner: 1
Moves: 154
Time: 26.226511240005493
Total nodes visited: 202780


Game 8
[[2 2 0 2 0 0 0 0 0 0 0 0 0 0 0 0]
 [2 2 2 2 2 0 2 2 0 0 0 0 0 0 0 0]
 [2 2 0 2 0 0 0 0 0 0 0 0 0 0 0 0]
 [2 2 2 0 2 0 0 0 0 0 0 0 0 0 0 0]
 [0 0 0 0 0 0 0 0 0 0 0 0 0 0 0 0]
 [0 0 0 0 0 0 0 0 0 0 0 0 0 0 0 0]
 [0 0 0 0 0 0 0 0 0 0 0 0 0 0 0 0]
 [0 0 0 0 0 0 0 0 0 0 0 0 0 0 0 0]
 [0 2 0 0 0 0 0 0 0 0 0 0 0 0 0 0]
 [0 0 0 0 0 0 0 0 0 0 0 0 0 0 0 0]
 [0 0 0 0 0 0 0 0 0 0 0 0 0 0 0 0]
 [0 0 0 0 0 0 0 0 0 0 0 0 0 0 1 1]
 [0 0 0 0 0 0 2 0 0 0 0 0 0 1 1 1]
 [0 0 0 0 0 0 0 0 0 0 0 0 1 1 1 1]
 [0 0 0 0 0 0 0 0 0 0 0 1 1 1 1 1]
 [0 0 0 0 0 0 0 0 0 0 0 1 1 1 1 1]]
Winner: 1
Moves: 156
Time: 25.10826015472412
Total nodes visited: 195541


Game 9
[[2 2 2 2 2 0 0 0 0 0 0 0 0 0 0 0]
 [2 2 2 2 2 0 0 0 0 0 0 0 0 0 0 0]
 [2 2 2 2 0 0 0 0 0 0 0 0 0 0 0 0]
 [2 2 2 0 0 0 0 0 0 0 0 0 0 0 0 0]
 [2 2 0 0 0 0 0 0 0 0 0 0 0 0 0 0]
 [0 0 0 0 0 0 0 0 0 0 0 0 0 0 0 0]
 [0 0 0 0 0 0 0 0 0 0 0 0 0 0 0 0]
 [0 0 0 0 0 0 0 0 0 0 0 0 0 0 0 0]
 [0 0 0 0 0 0 0 0 0 0 0 0 0 0 0 0]
 [0 0 0 0 0 0 0 0 0 1 0 0 0 0 0 0]
 [0 0 0 0 0 0 0 0 0 0 1 0 0 0 0 0]
 [0 0 0 0 0 0 0 0 0 0 0 0 1 1 1 1]
 [0 0 0 0 0 0 0 0 0 0 0 0 0 1 1 0]
 [0 0 0 0 0 0 0 0 0 0 0 0 0 1 1 0]
 [0 0 0 0 0 0 0 0 0 0 0 1 1 1 1 1]
 [0 0 0 0 0 0 0 0 0 0 0 1 0 1 1 1]]
Winner: 2
Moves: 167
Time: 26.228960037231445
Total nodes visited: 200435


Game 10
[[2 2 2 2 2 0 0 0 0 0 0 0 0 0 0 0]
 [2 2 2 2 2 2 2 0 0 0 0 0 0 0 0 0]
 [2 2 2 0 0 2 0 0 0 0 0 0 0 0 0 0]
 [2 0 2 0 0 0 0 0 0 0 0 0 0 0 0 0]
 [0 0 0 0 0 0 0 0 0 0 0 0 0 0 0 0]
 [0 0 0 0 0 0 0 0 0 0 0 0 0 0 0 0]
 [0 0 0 0 0 0 0 0 0 0 0 0 0 0 0 0]
 [0 0 0 2 0 0 0 0 0 0 0 0 0 0 0 0]
 [0 0 0 0 0 0 0 0 0 0 0 0 0 0 0 0]
 [0 0 0 0 0 0 0 0 0 0 0 0 0 0 0 0]
 [0 0 0 0 0 0 0 0 0 0 0 0 0 0 0 0]
 [0 0 0 0 0 0 0 0 0 0 0 0 0 0 1 1]
 [0 0 0 0 0 0 0 0 0 0 0 0 0 1 1 1]
 [0 0 0 0 0 0 0 0 0 0 0 0 1 1 1 1]
 [0 0 0 0 0 0 0 0 0 0 0 1 1 1 1 1]
 [0 0 0 0 0 0 0 0 0 0 0 1 1 1 1 1]]
Winner: 1
Moves: 160
Time: 25.68430781364441
Total nodes visited: 191710


