Game 1
[[2 2 2 2 2 0 0 0 0 0 0 0 0 0 0 0]
 [2 2 2 0 2 0 0 0 0 0 0 0 0 0 0 0]
 [2 2 2 0 0 0 0 0 0 0 0 0 0 0 0 0]
 [0 0 0 0 0 0 0 0 0 0 0 0 0 0 0 0]
 [2 2 0 0 0 0 0 0 0 0 0 0 0 0 0 0]
 [0 0 0 0 0 2 0 0 0 0 0 0 0 0 0 0]
 [0 0 0 0 0 0 0 0 0 0 0 0 0 0 0 0]
 [0 0 0 0 0 0 0 0 0 0 0 0 0 0 0 0]
 [0 0 0 0 0 0 0 0 0 0 0 0 0 0 0 0]
 [0 0 2 0 0 0 0 0 0 0 0 0 0 0 0 0]
 [0 0 0 0 0 0 0 0 0 0 0 0 2 0 0 0]
 [0 0 0 0 0 2 0 0 0 0 0 0 0 0 1 1]
 [0 0 0 0 0 0 0 0 0 0 0 0 0 1 1 1]
 [0 0 0 0 0 0 0 0 0 0 2 0 1 1 1 1]
 [0 0 0 0 0 0 0 0 0 0 0 1 1 1 1 1]
 [0 0 0 0 0 0 0 0 0 0 0 1 1 1 1 1]]
Winner: 1
Moves: 155
Time: 37.27434182167053
Total nodes visited: 226933


Game 2
[[2 2 2 2 2 0 0 0 0 0 0 0 0 0 0 0]
 [2 2 2 0 2 0 0 0 0 0 0 0 0 0 0 0]
 [2 2 2 0 0 0 0 0 0 0 0 0 0 0 0 0]
 [0 0 0 0 0 0 0 0 0 0 0 0 0 0 0 0]
 [2 2 0 0 0 0 0 0 0 0 0 0 0 0 0 0]
 [0 0 0 0 0 2 0 0 0 0 0 0 0 0 0 0]
 [0 0 0 0 0 0 0 0 0 0 0 0 0 0 0 0]
 [0 0 0 0 0 0 0 0 0 0 0 0 0 0 0 0]
 [0 0 0 0 0 0 0 0 0 0 0 0 0 0 0 0]
 [0 0 0 0 0 0 0 2 0 0 0 0 0 0 0 0]
 [0 0 0 0 0 0 0 0 0 0 0 0 2 0 0 0]
 [0 0 0 0 0 0 0 0 0 0 0 0 0 0 1 1]
 [0 0 0 0 0 0 0 0 0 0 2 0 0 1 1 1]
 [0 0 0 0 0 0 0 0 0 0 2 0 1 1 1 1]
 [0 0 0 0 0 0 0 0 0 0 0 1 1 1 1 1]
 [0 0 0 0 0 0 0 0 0 0 0 1 1 1 1 1]]
Winner: 1
Moves: 159
Time: 39.062875270843506
Total nodes visited: 245222


Game 3
[[2 2 2 2 2 0 0 0 0 0 0 0 0 0 0 0]
 [2 2 2 0 2 0 0 0 0 0 0 0 0 0 0 0]
 [2 2 2 0 0 0 0 0 0 0 0 0 0 0 0 0]
 [0 0 0 0 0 0 0 0 0 0 0 0 0 0 0 0]
 [2 2 0 0 0 0 2 0 0 0 0 0 0 0 0 0]
 [0 0 0 0 0 2 0 0 0 0 0 0 0 0 0 0]
 [0 0 0 0 0 0 0 0 0 0 0 0 0 0 0 0]
 [0 0 0 0 0 0 0 0 0 0 0 0 0 0 0 0]
 [0 0 0 0 0 0 0 0 0 0 0 0 0 0 0 0]
 [0 0 0 0 0 0 0 0 0 0 0 0 0 0 0 0]
 [0 0 0 0 0 0 0 0 0 0 0 0 0 0 0 0]
 [0 0 0 0 0 0 0 0 2 0 0 0 0 0 1 1]
 [0 0 0 0 0 0 0 0 2 0 0 0 0 1 1 1]
 [0 0 0 0 0 0 0 0 0 0 2 0 1 1 1 1]
 [0 0 0 0 0 0 0 0 0 0 0 1 1 1 1 1]
 [0 0 0 0 0 0 0 0 0 0 0 1 1 1 1 1]]
Winner: 1
Moves: 153
Time: 36.18723487854004
Total nodes visited: 226581


Game 4
[[2 2 2 2 2 0 0 0 0 0 0 0 0 0 0 0]
 [2 2 2 0 2 0 0 0 0 0 0 0 0 0 0 0]
 [2 2 2 0 0 0 0 0 0 0 0 0 0 0 0 0]
 [0 0 0 0 0 0 0 0 0 0 0 0 0 0 0 0]
 [2 2 0 0 0 0 0 0 0 0 0 0 0 0 0 0]
 [0 0 0 0 0 2 0 0 0 0 0 0 0 0 0 0]
 [0 0 0 0 0 0 0 0 0 0 0 0 0 0 0 0]
 [0 0 0 0 0 0 0 0 0 0 0 0 0 0 0 0]
 [0 2 0 0 0 0 0 0 0 0 0 0 0 0 0 0]
 [0 0 0 0 0 0 0 0 0 0 0 0 0 0 0 0]
 [0 0 0 0 0 0 0 0 0 0 0 0 2 0 0 0]
 [0 0 0 0 0 2 0 0 0 0 0 0 0 0 1 1]
 [0 0 0 0 0 0 0 0 0 0 0 0 0 1 1 1]
 [0 0 0 0 0 0 0 0 0 0 2 0 1 1 1 1]
 [0 0 0 0 0 0 0 0 0 0 0 1 1 1 1 1]
 [0 0 0 0 0 0 0 0 0 0 0 1 1 1 1 1]]
Winner: 1
Moves: 156
Time: 35.474650859832764
Total nodes visited: 231566


Game 5
[[2 2 2 2 2 0 0 0 0 0 0 0 0 0 0 0]
 [2 2 2 0 2 0 0 0 0 0 0 0 0 0 0 0]
 [2 2 2 0 0 0 0 0 0 0 0 0 0 0 0 0]
 [0 0 0 0 0 0 0 0 0 0 0 0 0 0 0 0]
 [2 2 0 0 0 0 0 0 0 0 0 0 0 0 0 0]
 [0 0 0 0 0 2 0 0 0 0 0 0 0 0 0 0]
 [0 0 0 0 0 0 0 0 0 0 0 0 0 0 0 0]
 [0 0 0 0 0 0 0 0 0 0 0 0 0 0 0 0]
 [0 2 0 0 0 0 0 0 0 0 0 0 0 0 0 0]
 [0 0 0 0 0 0 0 0 0 0 0 0 0 0 0 0]
 [0 0 0 0 0 0 0 0 0 0 0 0 2 0 0 0]
 [0 0 0 0 0 2 0 0 0 0 0 0 0 0 1 1]
 [0 0 0 0 0 0 0 0 0 0 0 0 0 1 1 1]
 [0 0 0 0 0 0 0 0 0 0 2 0 1 1 1 1]
 [0 0 0 0 0 0 0 0 0 0 0 1 1 1 1 1]
 [0 0 0 0 0 0 0 0 0 0 0 1 1 1 1 1]]
Winner: 1
Moves: 156
Time: 35.40162372589111
Total nodes visited: 231204


Game 6
[[2 2 2 2 2 0 0 0 0 0 0 0 0 0 0 0]
 [2 2 2 0 2 0 0 0 0 0 0 0 0 0 0 0]
 [2 2 2 0 0 0 0 0 0 0 0 0 0 0 0 0]
 [0 0 0 0 0 0 0 0 0 0 0 0 0 0 0 0]
 [2 2 0 0 0 0 0 0 0 0 0 0 0 0 0 0]
 [0 0 0 0 0 2 0 0 0 0 0 0 0 0 0 0]
 [0 0 0 0 0 0 0 0 0 0 0 0 0 0 0 0]
 [0 0 0 0 0 0 0 0 0 0 0 0 0 0 0 0]
 [0 0 0 0 0 0 0 0 0 0 0 0 0 0 0 0]
 [0 0 0 0 0 0 0 0 0 0 0 0 0 0 0 0]
 [0 0 0 2 0 0 0 0 0 0 0 0 2 0 0 0]
 [0 0 0 0 0 2 0 0 0 0 0 0 0 0 1 1]
 [0 0 0 0 0 0 0 0 0 0 0 0 0 1 1 1]
 [0 0 0 0 0 0 0 0 0 0 2 0 1 1 1 1]
 [0 0 0 0 0 0 0 0 0 0 0 1 1 1 1 1]
 [0 0 0 0 0 0 0 0 0 0 0 1 1 1 1 1]]
Winner: 1
Moves: 154
Time: 36.7409725189209
Total nodes visited: 229818


Game 7
[[2 2 2 2 2 0 0 0 0 0 0 0 0 0 0 0]
 [2 2 2 2 2 0 0 0 0 0 0 0 0 0 0 0]
 [2 2 2 0 0 0 0 0 0 0 0 0 0 0 0 0]
 [0 2 2 0 0 0 0 0 0 0 0 0 0 0 0 0]
 [2 2 0 0 0 0 0 0 0 0 0 0 0 0 0 0]
 [0 0 0 0 0 0 0 0 0 0 0 0 0 0 0 0]
 [0 0 0 0 0 0 0 0 0 0 0 0 0 0 0 0]
 [0 0 0 0 0 0 0 0 0 0 0 0 0 0 0 0]
 [0 0 0 0 0 0 0 0 0 0 0 0 0 0 0 0]
 [0 0 0 0 0 0 0 0 0 0 0 0 0 0 0 0]
 [0 0 0 0 0 0 0 0 0 0 0 0 0 0 0 0]
 [0 0 0 0 0 0 0 0 0 0 0 0 0 0 1 1]
 [0 0 0 0 0 0 0 0 0 0 0 0 2 1 1 1]
 [0 0 0 0 0 0 0 0 0 0 2 0 1 1 1 1]
 [0 0 0 0 0 0 0 0 0 0 0 1 1 1 1 1]
 [0 0 0 0 0 0 0 0 0 0 0 1 1 1 1 1]]
Winner: 1
Moves: 157
Time: 35.628339767456055
Total nodes visited: 222156


Game 8
[[2 2 2 2 2 0 0 0 0 0 0 0 0 0 0 0]
 [2 2 2 2 2 0 0 0 0 0 0 0 0 0 0 0]
 [2 2 2 0 0 0 0 0 0 0 0 0 0 0 0 0]
 [2 2 0 0 0 0 0 0 0 0 0 0 0 0 0 0]
 [2 2 0 0 0 0 0 0 0 0 0 0 0 0 0 0]
 [0 0 0 0 0 0 0 0 0 0 0 0 0 0 0 0]
 [0 0 0 0 0 0 0 0 0 0 0 0 0 0 0 0]
 [0 0 0 0 0 0 0 0 0 0 0 0 0 0 0 0]
 [0 0 0 0 0 0 0 0 0 0 0 0 0 0 0 0]
 [0 0 0 0 0 0 0 0 0 0 0 0 0 0 0 0]
 [0 0 0 0 0 0 0 0 0 0 0 0 0 0 0 0]
 [0 0 0 0 0 0 0 0 0 0 0 2 0 0 1 1]
 [0 0 0 0 0 0 0 0 0 0 0 0 0 1 1 1]
 [0 0 0 0 0 0 0 0 0 0 2 0 1 1 1 1]
 [0 0 0 0 0 0 0 0 0 0 0 1 1 1 1 1]
 [0 0 0 0 0 0 0 0 0 0 0 1 1 1 1 1]]
Winner: 1
Moves: 159
Time: 36.69476246833801
Total nodes visited: 230072


Game 9
[[2 2 2 2 2 0 0 0 0 0 0 0 0 0 0 0]
 [2 2 2 2 2 0 0 0 0 0 0 0 0 0 0 0]
 [2 2 2 0 0 0 0 0 0 0 0 0 0 0 0 0]
 [2 2 0 0 0 0 0 0 0 0 0 0 0 0 0 0]
 [2 2 0 0 0 0 0 0 0 0 0 0 0 0 0 0]
 [0 0 0 0 0 0 0 0 0 0 0 0 0 0 0 0]
 [0 0 0 0 0 0 0 0 0 0 0 0 0 0 0 0]
 [0 0 0 0 0 0 0 0 0 0 0 0 0 0 0 0]
 [0 0 0 0 0 0 0 0 0 0 0 0 0 0 0 0]
 [0 0 0 0 0 0 0 0 0 0 0 0 0 0 0 0]
 [0 0 0 0 0 0 0 0 0 0 0 0 0 0 0 0]
 [0 0 0 0 0 0 0 0 0 0 0 2 0 0 1 1]
 [0 0 0 0 0 0 0 0 0 0 0 0 0 1 1 1]
 [0 0 0 0 0 0 0 0 0 0 2 0 1 1 1 1]
 [0 0 0 0 0 0 0 0 0 0 0 1 1 1 1 1]
 [0 0 0 0 0 0 0 0 0 0 0 1 1 1 1 1]]
Winner: 1
Moves: 159
Time: 36.93259382247925
Total nodes visited: 229191


Game 10
[[2 2 2 2 2 0 0 0 0 0 0 0 0 0 0 0]
 [2 2 2 2 2 0 0 0 0 0 0 0 0 0 0 0]
 [2 2 2 0 0 0 0 0 0 0 0 0 0 0 0 0]
 [2 2 0 0 0 0 0 0 0 0 0 0 0 0 0 0]
 [2 2 0 0 0 0 0 0 0 0 0 0 0 0 0 0]
 [0 0 0 0 0 0 0 0 0 0 0 0 0 0 0 0]
 [0 0 0 0 0 0 0 0 0 0 0 0 0 0 0 0]
 [0 0 0 0 0 0 0 0 0 0 0 0 0 0 0 0]
 [0 0 0 0 0 0 0 0 0 0 0 0 0 0 0 0]
 [0 0 0 0 0 0 0 0 0 0 0 0 0 0 0 0]
 [0 0 0 0 0 0 0 0 0 0 0 0 0 0 0 0]
 [0 0 0 0 0 0 0 0 0 0 0 2 0 0 1 1]
 [0 0 0 0 0 0 0 0 0 0 0 0 0 1 1 1]
 [0 0 0 0 0 0 0 0 0 0 2 0 1 1 1 1]
 [0 0 0 0 0 0 0 0 0 0 0 1 1 1 1 1]
 [0 0 0 0 0 0 0 0 0 0 0 1 1 1 1 1]]
Winner: 1
Moves: 159
Time: 35.934295654296875
Total nodes visited: 219518


