Game 1
[[2 2 2 2 2 0 0 0 0 0 0 0 0 0 0 0]
 [2 2 2 2 2 0 0 0 0 0 0 0 0 0 0 0]
 [2 2 2 2 0 0 0 0 0 0 0 0 0 0 0 0]
 [2 2 2 0 0 0 0 0 0 0 0 0 0 0 0 0]
 [2 2 0 0 0 0 0 0 0 0 0 0 0 0 0 0]
 [0 0 0 0 0 0 0 0 0 0 0 0 0 0 0 0]
 [0 0 0 0 0 0 0 0 0 0 0 0 0 0 0 0]
 [0 0 0 0 0 0 0 0 0 0 0 0 0 0 0 0]
 [0 0 0 0 0 0 0 0 1 0 0 0 0 0 0 0]
 [0 0 0 0 0 0 0 0 0 1 0 0 0 0 0 0]
 [0 0 0 0 0 0 0 0 0 0 1 0 0 0 0 0]
 [0 0 0 0 0 0 0 0 0 0 0 1 0 0 1 0]
 [0 0 0 0 0 0 0 0 0 0 0 0 1 1 0 1]
 [0 0 0 0 0 0 0 0 0 0 0 0 0 1 1 1]
 [0 0 0 0 0 0 0 0 0 0 0 1 0 0 1 1]
 [0 0 0 0 0 0 0 0 0 0 0 1 1 1 1 1]]
Winner: 2
Moves: 163
Time: 24.091308116912842
Total nodes visited: 196303


Game 2
[[2 2 2 2 2 0 0 0 0 0 0 0 0 0 0 0]
 [2 2 2 2 2 0 0 0 0 0 0 0 0 0 0 0]
 [2 2 2 2 0 0 0 0 0 0 0 0 0 0 0 0]
 [2 2 2 0 0 0 0 0 0 0 0 0 0 0 0 0]
 [2 2 0 0 0 0 0 0 0 0 0 0 0 0 0 0]
 [0 0 0 0 0 0 0 0 0 0 0 0 0 0 0 0]
 [0 0 0 0 0 0 0 0 0 0 0 0 0 0 0 0]
 [0 0 0 0 0 0 0 0 0 0 0 0 0 0 0 0]
 [0 0 0 0 0 0 0 0 0 0 0 0 0 0 0 0]
 [0 0 0 0 0 0 0 0 0 0 1 0 0 0 0 0]
 [0 0 0 0 0 0 0 0 0 0 1 0 0 0 0 0]
 [0 0 0 0 0 0 0 0 0 0 0 1 0 0 1 1]
 [0 0 0 0 0 0 0 0 0 0 0 0 1 0 0 1]
 [0 0 0 0 0 0 0 0 0 0 0 0 0 1 1 1]
 [0 0 0 0 0 0 0 0 0 0 0 1 0 1 1 1]
 [0 0 0 0 0 0 0 0 0 0 0 1 1 1 1 1]]
Winner: 2
Moves: 166
Time: 24.510692358016968
Total nodes visited: 201998


Game 3
[[2 2 2 2 2 0 0 0 0 0 0 0 0 0 0 0]
 [2 2 2 2 2 0 0 0 0 0 0 0 0 0 0 0]
 [2 2 2 2 0 0 0 0 0 0 0 0 0 0 0 0]
 [2 2 2 0 0 0 0 0 0 0 0 0 0 0 0 0]
 [2 2 0 0 0 0 0 0 0 0 0 0 0 0 0 0]
 [0 0 0 0 0 0 0 0 0 0 0 0 0 0 0 0]
 [0 0 0 0 0 0 0 0 0 0 0 0 0 0 0 0]
 [0 0 0 0 0 0 0 0 0 0 0 0 0 0 0 0]
 [0 0 0 0 0 0 0 0 1 0 0 0 0 0 0 0]
 [0 0 0 0 0 0 0 0 0 1 0 0 0 0 0 0]
 [0 0 0 0 0 0 0 0 0 0 1 0 0 0 0 0]
 [0 0 0 0 0 0 0 0 0 0 0 1 0 0 1 1]
 [0 0 0 0 0 0 0 0 0 0 0 0 1 0 0 1]
 [0 0 0 0 0 0 0 0 0 0 0 0 1 1 0 1]
 [0 0 0 0 0 0 0 0 0 0 0 1 0 1 1 1]
 [0 0 0 0 0 0 0 0 0 0 0 0 1 1 1 1]]
Winner: 2
Moves: 163
Time: 24.49402141571045
Total nodes visited: 207006


Game 4
[[2 2 2 2 2 0 0 0 0 0 0 0 0 0 0 0]
 [2 2 2 0 2 0 0 0 0 0 0 0 0 0 0 0]
 [2 2 2 0 0 0 0 0 0 0 0 0 0 0 0 0]
 [2 0 0 2 0 0 0 0 0 0 0 0 0 0 0 0]
 [2 2 0 0 2 0 0 0 0 0 0 0 0 0 0 0]
 [0 0 0 0 0 2 0 0 0 0 0 0 0 0 0 0]
 [0 0 0 0 0 0 2 0 0 0 0 0 0 0 0 0]
 [0 0 0 0 0 0 0 0 0 0 0 0 0 0 0 0]
 [0 0 0 0 0 0 0 0 0 0 0 0 0 0 0 0]
 [0 0 0 0 0 0 0 0 0 0 0 0 0 0 0 0]
 [0 0 0 0 0 0 0 0 0 0 0 0 0 0 0 0]
 [0 0 0 0 0 0 0 0 0 0 0 0 0 0 1 1]
 [0 0 0 0 0 0 0 0 0 0 0 0 0 1 1 1]
 [0 0 0 0 0 0 0 0 0 0 0 0 1 1 1 1]
 [0 0 0 0 0 0 0 0 0 0 0 1 1 1 1 1]
 [0 0 0 0 0 0 0 0 0 0 0 1 1 1 1 1]]
Winner: 1
Moves: 169
Time: 25.415114641189575
Total nodes visited: 213161


Game 5
[[2 2 2 2 2 0 0 0 0 0 0 0 0 0 0 0]
 [2 2 2 0 2 0 0 0 0 0 0 0 0 0 0 0]
 [2 2 2 0 0 0 0 0 0 0 0 0 0 0 0 0]
 [2 0 0 2 0 0 0 0 0 0 0 0 0 0 0 0]
 [2 2 0 0 2 0 0 0 0 0 0 0 0 0 0 0]
 [0 0 0 0 0 2 0 0 0 0 0 0 0 0 0 0]
 [0 0 0 0 0 0 2 0 0 0 0 0 0 0 0 0]
 [0 0 0 0 0 0 0 0 0 0 0 0 0 0 0 0]
 [0 0 0 0 0 0 0 0 0 0 0 0 0 0 0 0]
 [0 0 0 0 0 0 0 0 0 0 0 0 0 0 0 0]
 [0 0 0 0 0 0 0 0 0 0 0 0 0 0 0 0]
 [0 0 0 0 0 0 0 0 0 0 0 0 0 0 1 1]
 [0 0 0 0 0 0 0 0 0 0 0 0 0 1 1 1]
 [0 0 0 0 0 0 0 0 0 0 0 0 1 1 1 1]
 [0 0 0 0 0 0 0 0 0 0 0 1 1 1 1 1]
 [0 0 0 0 0 0 0 0 0 0 0 1 1 1 1 1]]
Winner: 1
Moves: 169
Time: 24.38054323196411
Total nodes visited: 212164


Game 6
[[2 2 2 2 2 0 0 0 0 0 0 0 0 0 0 0]
 [2 2 2 0 2 0 0 0 0 0 0 0 0 0 0 0]
 [2 2 2 0 0 0 0 0 0 0 0 0 0 0 0 0]
 [2 0 0 2 0 0 0 0 0 0 0 0 0 0 0 0]
 [0 2 0 0 2 0 0 0 0 0 0 0 0 0 0 0]
 [0 0 0 0 0 2 0 0 0 0 0 0 0 0 0 0]
 [0 0 0 0 0 0 2 0 0 0 0 0 0 0 0 0]
 [0 0 0 0 0 0 0 2 0 0 0 0 0 0 0 0]
 [0 0 0 0 0 0 0 0 0 0 0 0 0 0 0 0]
 [0 0 0 0 0 0 0 0 0 0 0 0 0 0 0 0]
 [0 0 0 0 0 0 0 0 0 0 0 0 0 0 0 0]
 [0 0 0 0 0 0 0 0 0 0 0 0 0 0 1 1]
 [0 0 0 0 0 0 0 0 0 0 0 0 0 1 1 1]
 [0 0 0 0 0 0 0 0 0 0 0 0 1 1 1 1]
 [0 0 0 0 0 0 0 0 0 0 0 1 1 1 1 1]
 [0 0 0 0 0 0 0 0 0 0 0 1 1 1 1 1]]
Winner: 1
Moves: 165
Time: 24.406318187713623
Total nodes visited: 208467


Game 7
[[2 2 2 2 2 0 0 0 0 0 0 0 0 0 0 0]
 [2 2 2 2 2 0 0 0 0 0 0 0 0 0 0 0]
 [2 2 2 2 0 0 0 0 0 0 0 0 0 0 0 0]
 [2 2 2 0 0 0 0 0 0 0 0 0 0 0 0 0]
 [2 2 0 0 0 0 0 0 0 0 0 0 0 0 0 0]
 [0 0 0 0 0 0 0 0 0 0 0 0 0 0 0 0]
 [0 0 0 0 0 0 0 0 0 0 0 0 0 0 0 0]
 [0 0 0 0 0 0 0 0 0 0 0 0 0 0 0 0]
 [0 0 0 0 0 0 0 0 1 0 0 0 0 0 0 0]
 [0 0 0 0 0 0 0 0 0 1 0 0 0 0 0 0]
 [0 0 0 0 0 0 0 0 0 0 1 0 0 0 0 0]
 [0 0 0 0 0 0 0 0 0 0 0 1 0 0 1 1]
 [0 0 0 0 0 0 0 0 0 0 0 0 1 1 0 1]
 [0 0 0 0 0 0 0 0 0 0 0 0 0 1 0 1]
 [0 0 0 0 0 0 0 0 0 0 0 1 0 1 1 1]
 [0 0 0 0 0 0 0 0 0 0 0 0 1 1 1 1]]
Winner: 2
Moves: 165
Time: 24.164784908294678
Total nodes visited: 204167


Game 8
[[2 2 2 2 2 0 0 0 0 0 0 0 0 0 0 0]
 [2 2 2 2 2 0 0 0 0 0 0 0 0 0 0 0]
 [2 2 2 2 0 0 0 0 0 0 0 0 0 0 0 0]
 [2 2 2 0 0 0 0 0 0 0 0 0 0 0 0 0]
 [2 2 0 0 0 0 0 0 0 0 0 0 0 0 0 0]
 [0 0 0 0 0 0 0 0 0 0 0 0 0 0 0 0]
 [0 0 0 0 0 0 0 0 0 0 0 0 0 0 0 0]
 [0 0 0 0 0 0 0 0 0 0 0 0 0 0 0 0]
 [0 0 0 0 0 0 0 0 1 0 0 0 0 0 0 0]
 [0 0 0 0 0 0 0 0 0 1 0 0 0 0 0 0]
 [0 0 0 0 0 0 0 0 0 0 1 0 0 0 0 0]
 [0 0 0 0 0 0 0 0 0 0 0 1 0 0 1 1]
 [0 0 0 0 0 0 0 0 0 0 0 0 0 1 0 1]
 [0 0 0 0 0 0 0 0 0 0 0 0 0 1 1 1]
 [0 0 0 0 0 0 0 0 0 0 0 1 0 1 1 1]
 [0 0 0 0 0 0 0 0 0 0 0 0 1 1 1 1]]
Winner: 2
Moves: 166
Time: 23.60513997077942
Total nodes visited: 196024


Game 9
[[2 2 2 2 2 0 0 0 0 0 0 0 0 0 0 0]
 [2 2 2 2 2 0 0 0 0 0 0 0 0 0 0 0]
 [2 2 2 2 0 0 0 0 0 0 0 0 0 0 0 0]
 [2 2 2 0 0 0 0 0 0 0 0 0 0 0 0 0]
 [2 2 0 0 0 0 0 0 0 0 0 0 0 0 0 0]
 [0 0 0 0 0 0 0 0 0 0 0 0 0 0 0 0]
 [0 0 0 0 0 0 0 0 0 0 0 0 0 0 0 0]
 [0 0 0 0 0 0 0 0 0 0 0 0 0 0 0 0]
 [0 0 0 0 0 0 0 0 0 0 0 0 0 0 0 0]
 [0 0 0 0 0 0 0 0 0 1 0 0 0 0 0 0]
 [0 0 0 0 0 0 0 0 0 0 1 0 0 0 0 0]
 [0 0 0 0 0 0 0 0 0 0 0 1 0 0 1 1]
 [0 0 0 0 0 0 0 0 0 0 0 0 1 0 0 1]
 [0 0 0 0 0 0 0 0 0 0 0 0 1 1 0 1]
 [0 0 0 0 0 0 0 0 0 0 0 1 0 1 1 1]
 [0 0 0 0 0 0 0 0 0 0 0 1 1 1 1 1]]
Winner: 2
Moves: 168
Time: 24.50188398361206
Total nodes visited: 199352


Game 10
[[2 2 2 2 2 0 0 0 0 0 0 0 0 0 0 0]
 [2 2 2 2 2 0 0 0 0 0 0 0 0 0 0 0]
 [2 2 2 2 0 0 0 0 0 0 0 0 0 0 0 0]
 [2 2 2 0 0 0 0 0 0 0 0 0 0 0 0 0]
 [2 2 0 0 0 0 0 0 0 0 0 0 0 0 0 0]
 [0 0 0 0 0 0 0 0 0 0 0 0 0 0 0 0]
 [0 0 0 0 0 0 0 0 0 0 0 0 0 0 0 0]
 [0 0 0 0 0 0 0 0 0 0 0 0 0 0 0 0]
 [0 0 0 0 0 0 0 0 0 0 0 0 0 0 0 0]
 [0 0 0 0 0 0 0 0 0 1 0 0 0 0 0 0]
 [0 0 0 0 0 0 0 0 0 0 1 0 0 0 0 0]
 [0 0 0 0 0 0 0 0 0 0 0 1 0 0 1 1]
 [0 0 0 0 0 0 0 0 0 0 0 0 0 1 1 1]
 [0 0 0 0 0 0 0 0 0 0 0 0 0 1 1 1]
 [0 0 0 0 0 0 0 0 0 0 0 1 0 1 1 1]
 [0 0 0 0 0 0 0 0 0 0 0 0 1 1 1 1]]
Winner: 2
Moves: 168
Time: 23.804034948349
Total nodes visited: 196398


